 1.77646470e-01   2.02635530e-01   3.05419300e-02  -2.78325290e-01  -2.84783150e-01
 7.85288800e-02   6.97002300e-02   1.69050290e-01  -4.41668330e-01  -4.54983300e-02
 2.40883170e-01  -5.26832200e-02  -1.40987600e-02  -3.02514260e-01  -1.39377160e-01
-1.49122510e-01   2.20995470e-01  -1.93862680e-01  -2.60796160e-01   7.19406100e-02
-9.08881000e-03  -4.52553000e-03  -4.98902400e-02  -3.49144640e-01   9.05919300e-02

 5.28131900e-02  -2.17545000e-02  -2.17416510e-01  -3.79638940e-01  -3.35402970e-01
 2.34920680e-01  -5.46352000e-03   9.01918300e-02  -2.86854570e-01  -1.08202510e-01
 2.45552970e-01   3.89688280e-01   4.70364720e-01   9.57954100e-02  -2.85376200e-02
 9.46265300e-02   5.36584620e-01   1.30553710e-01   2.41596710e-01   7.86966600e-02
 8.76722600e-02  -5.54389800e-02   1.54922280e-01  -1.86197860e-01  -1.55515420e-01

-7.28048200e-02  -1.00562800e-01   2.83406000e-02   3.46625830e-01   2.03186910e-01
-2.87893530e-01  -2.76837740e-01   6.81170300e-02   1.74253960e-01   3.38756140e-01
-1.77173570e-01  -4.21516120e-01  -3.61962320e-01   7.35305000e-03   8.07804300e-02
-2.38913660e-01  -1.89004060e-01  -3.46739350e-01  -2.35297140e-01   7.30110000e-04
-1.44558410e-01  -1.43228700e-02  -3.23455420e-01  -2.97961210e-01  -1.62049870e-01

-2.01464040e-01  -2.94193890e-01   1.22920000e-03  -1.41884820e-01   2.32479480e-01
-1.02605800e-01  -7.72928100e-02  -7.87845400e-02  -1.19161470e-01   1.98853790e-01
 2.84133820e-01  -3.14291400e-02   2.12328630e-01   2.35170980e-01  -1.24066730e-01
 2.02531530e-01   2.16725600e-01   2.42555530e-01   4.03255640e-01   1.91217320e-01
 3.44213400e-02   2.51018400e-02   1.84317700e-02   1.45383270e-01  -5.88715900e-02

-5.85157100e-02   2.85292710e-01  -1.71416800e-02  -6.24140500e-02  -1.15078430e-01
-1.34037090e-01  -1.12852940e-01  -2.54702900e-01  -2.14313970e-01  -3.07923290e-01
-3.40681230e-01  -2.79924630e-01  -2.06597060e-01  -4.26258000e-01  -2.25610350e-01
-3.23644000e-03  -4.97105600e-02  -2.78646710e-01  -2.95254650e-01  -5.45732700e-02
 1.38786820e-01  -6.59313600e-02  -1.23350200e-02   3.96720710e-01   4.86145080e-01

 4.35656990e-01   2.05283390e-01   7.70689500e-02  -2.62430760e-01  -1.23834370e-01
 2.76645300e-01   6.98652900e-02  -3.24046610e-01  -1.02715510e-01  -3.10912520e-01
 2.66147730e-01  -2.33412490e-01  -3.62771960e-01  -3.80520020e-01   2.70596000e-03
 1.86691880e-01  -3.66324010e-01  -2.62305050e-01  -2.66821860e-01  -2.03626410e-01
 2.19221130e-01  -1.55398200e-01  -3.87191200e-02  -1.87795500e-01  -1.28101920e-01

-1.81006970e-01  -1.08645170e-01   1.39554230e-01   1.55990500e-01   7.63299700e-02
 1.27941530e-01   2.15062310e-01  -8.39937800e-02   3.18247470e-01  -3.94692600e-02
 2.15195220e-01   1.15708810e-01  -2.31195000e-03   3.53692560e-01  -8.58940900e-02
 7.24467000e-02   3.37403450e-01   2.20029620e-01   2.71604450e-01  -6.74148100e-02
 1.79109380e-01   2.06239400e-01   1.14026850e-01  -7.89482300e-02   1.05415640e-01

 2.26777400e-01   1.98006200e-02   2.59035440e-01   1.65163500e-02   2.24121290e-01
 3.39823450e-01   4.29662500e-01   3.14371320e-01   3.76567660e-01  -5.58403300e-02
 1.65597710e-01   3.73150020e-01   3.11336610e-01   4.02190860e-01   2.06061300e-01
 2.46550870e-01  -5.34515500e-02   6.76770700e-02   2.15758960e-01   6.66466500e-02
 3.15330100e-02  -1.01841840e-01  -1.60069530e-01  -3.02566260e-01   2.67263900e-02

-8.26687600e-02   1.24248880e-01   1.56162320e-01   1.94426690e-01   8.70933800e-02
 5.78865000e-02   4.52298400e-02   4.66107610e-01   1.32303820e-01   1.80535940e-01
 1.15434060e-01   4.09810190e-01   1.88610050e-01   4.41515510e-01   2.42898430e-01
 1.73883600e-01   3.41828730e-01   1.42333240e-01   9.14638600e-02   1.22147930e-01
-1.83167410e-01   2.45849560e-01   7.21292900e-02  -2.27773470e-01  -4.17689000e-03

 1.94678320e-01   8.49890000e-03  -2.45455240e-01  -8.32580000e-02  -3.03874580e-01
 2.26802100e-01  -1.17352500e-02   4.56746600e-02   3.60453780e-01   2.43794550e-01
 1.97545330e-01   1.86846150e-01  -2.16980800e-02   1.01303250e-01   3.10026940e-01
-1.15751940e-01   1.10483450e-01   3.68263600e-02  -3.07060420e-01  -2.48820900e-01
-2.14866550e-01   4.26208600e-02  -1.80267350e-01   4.77100300e-02  -1.74786180e-01

-6.59436400e-02  -3.50693460e-01  -1.96181630e-01   1.72700230e-01   2.22516890e-01
-5.46448770e-01  -4.99495480e-01   1.69235210e-01   1.77662700e-01   3.32694620e-01
-2.52993080e-01   2.24469900e-02  -1.04348400e-02  -2.30858010e-01   1.39830540e-01
 1.51095240e-01   1.32625540e-01  -1.52060300e-02  -3.75793010e-01  -1.26274050e-01
 2.03088360e-01   2.09373920e-01  -3.26746400e-01  -4.89878180e-01   6.88167500e-02

-3.74983460e-01  -4.26276890e-01  -1.84160750e-01  -3.67313030e-01  -2.12360830e-01
 1.52444620e-01  -5.99162400e-02  -3.27003750e-01   7.54570000e-02  -3.69802400e-02
 4.19196700e-01   1.25083660e-01   9.28016200e-02  -6.42683600e-02   2.00892250e-01
 2.90613740e-01   3.57344150e-01   3.34297270e-01  -6.88010000e-04   2.69259000e-03
 1.37793290e-01  -8.96146400e-02   8.23778300e-02  -1.25068200e-02   1.85011180e-01

 2.01974140e-01   1.90052400e-02   1.36234050e-01   2.76374760e-01   2.92386680e-01
 9.13194600e-02  -1.01448570e-01   2.20244710e-01   2.26802290e-01   1.13284970e-01
 1.65953640e-01  -8.83890000e-02  -1.03424400e-02   2.14290040e-01  -7.21698900e-02
 2.08097400e-01   1.37431700e-01   1.15342790e-01  -2.37838390e-01  -1.78983000e-01
-2.94149460e-01  -3.28370600e-01  -4.76554400e-02  -3.87885510e-01  -3.64301150e-01

 3.64890040e-01   3.14416440e-01   4.94578570e-01   3.16957830e-01   2.38438170e-01
 1.26931090e-01   3.01595720e-01   7.67912300e-02  -1.52130930e-01  -2.71782670e-01
-1.64257840e-01  -4.32111200e-01  -5.29779550e-01  -2.66926080e-01  -3.80932390e-01
-5.35919190e-01  -4.33569400e-01  -4.58405200e-01  -3.07127650e-01  -1.74252600e-01
-2.78103230e-01  -2.72160110e-01   1.26638830e-01   3.67548000e-02   3.64791840e-01

 2.76873600e-02  -1.66487510e-01  -6.24254600e-02  -1.59134000e-01  -3.68241040e-01
-1.57704100e-01  -3.04586290e-01  -4.10855230e-01  -1.25637960e-01  -1.20247930e-01
-1.87488090e-01   2.15804760e-01   1.69475030e-01   2.02367000e-02   1.11121960e-01
 3.76749280e-01   4.93229600e-01   5.28774680e-01   3.19727090e-01   2.64647660e-01
-2.36284450e-01  -3.48612160e-01  -2.98242990e-01  -5.22764800e-02   1.24667290e-01

 2.41442560e-01   1.34514360e-01  -1.65858500e-02   7.82393400e-02   2.93322270e-01
-2.07312570e-01   1.45571500e-02  -4.77873300e-02   2.87759180e-01   4.38598070e-01
-1.15851850e-01   5.18792800e-02   2.26187010e-01   2.80913410e-01   7.48705300e-02
-1.04524460e-01  -5.27672000e-02   2.38207400e-01   1.50732400e-02   4.50867800e-02
-1.70976940e-01  -3.80551800e-02   8.65805000e-03   1.48185540e-01  -1.85388550e-01

-7.60401000e-03  -9.14681800e-02   2.84705340e-01   2.72431640e-01  -2.80677710e-01
 8.25196800e-02   1.30461440e-01   2.87633240e-01  -2.45327560e-01  -2.41330390e-01
 2.75849070e-01   4.96005400e-02  -7.44592000e-02  -3.16743670e-01  -4.05718400e-02
 2.81982780e-01  -1.59860000e-01  -3.68364130e-01   5.87828200e-02  -8.92989600e-02
 1.26795960e-01  -3.65212680e-01  -2.04841840e-01   2.43533420e-01  -4.15908700e-02

 6.09136000e-03  -2.32513370e-01  -2.09956040e-01  -1.94764800e-02   2.00319980e-01
-6.62623700e-02  -3.10152920e-01  -2.86353380e-01  -1.00686180e-01   1.66724260e-01
-6.02497600e-02  -2.87446050e-01  -2.58203570e-01   1.01615940e-01   2.47290860e-01
-2.78089400e-01  -3.92053220e-01  -1.54020740e-01   1.78778860e-01   4.84117450e-01
 2.31877200e-02  -1.01197760e-01  -8.91365900e-02   3.18851620e-01   2.82524170e-01

-3.35581180e-01  -3.94517960e-01  -1.34795010e-01  -1.94224700e-02   3.48052290e-01
-3.94254030e-01  -2.81280340e-01  -1.80776360e-01   3.37750940e-01   3.51449970e-01
-3.85785130e-01  -1.08748240e-01   1.05879020e-01   3.08997270e-01   2.77219920e-01
-1.28058730e-01   3.54658000e-02   2.79846730e-01   1.18946900e-01   1.52358640e-01
 2.54751350e-01   4.77031300e-02   1.32571760e-01  -8.30502000e-02  -8.78875000e-03

 7.92008266e-03   4.96234149e-02   3.00781906e-01   2.63088107e-01   2.93577164e-01
-3.31649721e-01  -1.57153204e-01   8.28789994e-02  -6.11756841e-05   1.65498018e-01
-3.77635002e-01  -3.84087950e-01  -2.30444774e-01  -3.13790113e-01   8.89995247e-02
-1.28361180e-01  -4.30187881e-01  -2.39239350e-01  -3.01005363e-01  -4.84341383e-01
 3.19649965e-01   1.18381500e-01  -1.86151937e-01  -2.52211779e-01  -1.87509552e-01
