-0.0292525
-0.0820835
-0.0502648
-0.0677475
-0.0389602
-0.0704971
-0.103396
-0.0375516
-0.0729952
-0.101713
-0.0598059
-0.0641072
-0.0470056
-0.0732278
-0.0711994
-0.0290577
-0.0805609
-0.000432572
-0.0660356
-0.0596682
-0.0416313
-0.0190711
-0.148804
-0.00388221
-0.0910313
-0.0432832
-0.0795715
-0.0826479
-0.0618238
-0.0973288
-0.0475017
-0.0197261
-0.0747944
-0.0497465
-0.0299638
-0.0779955
-0.0454812
-0.0976069
-0.0670802
-0.104592
-0.0378787
0.00578276
-0.067399
-0.100974
-0.101368
-0.0680324
-0.072131
-0.0560187
-0.0792433
-0.0193239
