0.00338653
-0.00137445
-0.003246
0.00761206
-0.00369744
0.0103363
-0.0046192
0.0107138
0.00387915
0.00272058
0.00423519
0.00461669
0.00430468
0.00468414
-0.00985779
-0.00303226
-0.0062587
0.00547593
0.001864
-0.00790102
-0.0032604
-0.0044824
7.84764e-05
0.00758099
0.00559215
0.0063306
0.00102805
-0.0138172
0.00796231
-0.00976822
-0.00388473
-0.00666432
0.00534875
-0.0129575
-0.0209179
0.00995238
0.003265
0.0124062
0.00612769
-0.0184964
0.000851127
0.0021472
-0.00297186
-0.0189644
0.000745428
0.00580324
0.0118914
-0.0210013
0.00445371
0.00710489
0.00276084
-0.00587353
0.00347467
-0.00573702
-0.0148273
0.0134306
0.00027532
-0.0109138
0.00431877
-0.00146491
0.0100184
-0.00882726
0.00443119
0.012451
0.0207289
-0.00509238
-0.00322739
0.00408972
0.00682983
-0.00467033
0.000876154
0.00902387
0.00265852
0.00295029
0.0056961
-0.00152094
0.00289025
-0.00965652
-0.0141063
-0.00180857
-0.00201134
-5.51955e-05
0.00503255
-0.00600663
-0.00551872
-0.00656842
-0.00107711
0.0109239
0.00330484
0.00766227
-0.0044722
0.00155192
-0.0057244
-0.00930046
-0.0061221
0.00538939
-0.00826996
0.0113699
-0.0157811
0.00293398
0.0121627
0.00843416
0.00165043
-0.00777261
4.36436e-05
0.00212707
-0.0111653
-0.00231091
0.0114993
-0.0149509
-0.0056867
0.00349091
0.00282673
-0.00405033
-0.00282877
-0.00827175
-0.00375983
0.008946
-0.00908882
-0.00268237
-0.0112761
0.0100173
0.00428154
-0.000765614
0.0174187
0.0158036
0.0140535
-0.000741699
-0.00983158
0.0013534
-0.000331235
0.00387827
0.0169832
-0.00970217
-0.00327705
0.00323018
0.00728846
0.00307547
0.00366437
0.00239368
-0.00921669
-0.00750903
0.00583202
-0.00262524
-0.0100735
0.00445742
-0.0200134
-0.0112198
-0.00065969
0.00311341
-0.00986448
-0.00612097
-0.0104211
0.000994285
0.00515445
0.0114704
0.0069786
0.0046444
0.000101545
-0.00378851
0.00686913
-0.00932838
-0.00768612
-0.00755187
0.0190264
0.000712893
0.00124657
0.0136547
-0.00634569
0.00985761
0.00204838
0.0116399
0.00109011
0.00705142
-0.0119255
0.00501312
0.00716389
-0.00274788
0.00325822
0.00534451
-0.000223496
0.000670624
0.00165518
-0.00414439
-0.00870241
-0.00529152
0.00198731
-0.0150461
-0.0221645
0.00084609
0.0067574
-0.0138384
0.00173905
-0.0112835
0.00158017
-0.00408921
-0.00971015
-0.00520492
0.00414992
0.00207095
-0.0170647
-0.0102356
0.00444379
0.00346464
0.00297099
0.00413852
-0.0173412
-0.00470701
-0.00784368
-0.00722962
-0.00216056
-0.00493099
0.00903318
-0.00573759
-0.0112059
0.0105293
0.00453663
-0.00291794
0.0094374
-0.0145254
0.00244194
0.000599095
-0.00123574
0.000348381
-0.000486019
-0.00918604
-0.0107057
0.00226946
0.00316657
-0.00192844
0.00852443
0.00101383
0.00848743
0.00236568
0.00882161
0.000563331
-0.00800177
-0.0152579
-0.00135403
-0.00552467
0.0108094
0.0017362
0.0121966
-0.00383978
0.00117033
-0.00942512
0.0151518
0.0131333
-0.00972714
0.00271861
-0.00607398
-0.00447592
-0.00496888
-0.00254949
-0.00906368
-0.00638582
0.010104
0.0190322
-0.0220015
0.000206126
-0.00708463
0.000725644
0.0108411
0.0106959
0.00933632
0.0129641
-0.00707002
0.00129039
-0.00173153
0.00348842
-0.00904075
-0.00335174
-0.0157984
0.00682904
0.00261467
-0.0049359
-0.00242651
-0.0134584
0.0305744
-0.00816903
0.00213436
0.00183838
0.00740027
-0.00797225
0.00341856
-0.0116246
-0.0108688
-0.00562435
0.000123901
0.0116904
0.0124445
0.0148502
0.0098474
0.00498109
-0.00629934
1.09823e-06
0.000339162
0.000589295
-0.00359912
0.00694591
0.00103984
0.0104517
0.00863675
-0.00428642
-0.0115216
0.000324407
0.00994842
-0.00591649
-0.0040712
-0.00152632
-0.00722877
0.00295866
-0.00034392
0.00105514
0.00271131
-0.00860794
-0.00669465
-0.00323161
-0.00775986
-0.00759254
-0.00747525
-0.00168658
0.00557948
0.00500992
0.00646212
-0.00114312
-0.00214031
0.00218305
0.014733
0.021878
-0.00943677
0.00686508
0.0150133
-0.00113322
-0.0037405
-0.00588666
-0.012902
-0.00793261
0.00586302
0.0130972
-0.00542476
0.0066096
-0.01415
0.0136592
0.00483636
0.00629378
0.000286211
0.0108833
0.00292193
-0.00907849
-0.0117839
0.0104188
-0.00470877
0.0102664
0.00346098
0.00733536
0.00385315
-0.0035055
-0.0033759
-0.00196445
-0.00577433
0.00899018
-0.00223329
-0.00593475
-0.00997556
-0.00527443
0.00740673
-0.00725571
0.00228311
0.00223118
-0.00183888
-0.0113329
-0.0100903
-0.00657796
-0.00557908
-0.0124647
-0.000727852
0.0164076
0.00579306
-0.00131303
0.00323662
-0.00401583
0.000718995
0.00134032
0.0116859
-0.00594768
-0.0149123
0.0140342
0.00223963
6.85892e-05
-0.00819092
-0.00388469
-0.00010214
0.00207238
0.00258219
0.00691653
-0.00592784
0.0125839
0.000869615
-0.00747609
0.00655187
0.00929441
-0.00107942
-0.0121602
-0.0024767
0.00827093
-0.009414
0.00351632
-0.00455437
0.00261939
-0.00489241
-0.00663116
-0.000645832
0.0155631
0.00510544
-0.0155619
-0.0123566
-0.00373574
0.00665825
0.00117677
0.00257624
-0.00413066
0.00146361
-0.014437
-0.00810497
-0.00288028
0.00639709
-0.0057702
0.00509914
-0.003424
-0.00193104
0.00103691
0.00452611
-0.00812598
0.00577423
0.00370271
-0.00550941
-0.015139
0.00117226
0.0106186
-0.00764705
0.00327639
0.00891682
0.0106047
0.00571106
0.000106479
0.00593123
0.00650504
0.0141104
0.00309773
-0.000567176
0.00164675
-0.00925373
-0.00603421
0.00241895
-0.00540412
0.00701567
-0.000453356
-0.00251723
0.00651138
-0.00924219
-0.00145734
0.00847361
-0.0113756
0.0101824
-0.000766577
0.0125857
0.00725803
-0.0115065
0.0108591
-0.00550803
0.00915405
0.0139897
-0.0113636
-0.00893455
-0.00379545
-0.000704061
0.00527364
0.00481091
-0.0120949
-0.00802975
-0.00850503
-0.00183334
0.0060484
-0.00771759
-0.00677443
0.00181242
0.00750629
-0.00216569
-0.0122746
-0.00838744
-0.00937571
0.00650837
0.00274821
0.00926525
0.00300831
-0.00378806
0.000968911
0.00437364
-0.0151227
