-0.0707596 0.0675388 -0.0518281 -0.139308 0.188956 -0.0881447 0.00497411 0.295253 -0.0399524 -0.166723
-0.0540911 0.180821 -0.21869 -0.0584861 -0.0143821 0.184913 0.0245395 -0.0952822 -0.0391849 0.0898466
-0.0291842 0.0855964 0.150273 -0.0419831 0.27975 -0.028049 -0.0382937 -0.0979582 -0.148488 -0.131655
0.119692 0.0762255 -0.0283688 -0.114935 0.065826 0.0217704 0.104775 0.0988159 -0.155553 -0.18825
-0.034606 0.0126047 -0.0111515 0.162973 -0.101135 0.103497 0.0166087 -0.0264615 -0.125307 0.00297962
-0.0774106 0.03255 0.111825 0.172031 -0.048901 -0.0502455 -0.0257049 0.175216 -0.137594 -0.151762
0.0616375 -0.193615 0.0549519 -0.121602 0.0465835 0.101143 -0.020392 -0.0821462 0.0231977 0.130249
-0.0917561 0.221521 -0.0649979 0.127823 -0.0468886 0.0845174 0.010217 -0.0804129 -0.0268664 -0.133155
0.074323 0.146618 -0.219507 -0.0284353 0.023602 -0.0560946 -0.06598 0.189718 -0.161603 0.0973606
-0.191713 0.152274 -0.110609 -0.220984 0.208339 0.0632022 -0.0114551 0.0975867 -0.129267 0.142629
-0.0797587 0.106912 -0.216969 0.132456 -0.119359 0.101676 -0.0597654 -0.014347 0.00708987 0.142071
-0.088698 0.0734631 0.0605752 -0.0651063 0.103153 -0.107873 -0.116154 0.100484 -0.0673951 0.107549
0.0592738 -0.112275 0.0731053 -0.0482149 -0.075935 0.0593075 -0.0283273 0.160731 -0.143029 0.0553575
-0.116375 0.138816 0.0986978 0.00662133 -0.106954 -0.0316908 -0.221099 0.0602352 -0.0746083 0.246351
-0.0592683 0.129367 -0.350899 0.0563475 0.0122388 0.0106503 0.143761 -0.226873 0.145286 0.139392
0.102023 0.00106098 -0.14085 0.213421 -0.0839537 -0.00738216 0.0345884 0.00369983 0.0265329 -0.14913
-0.103141 0.0462118 -0.0620277 0.1406 -0.061211 0.14543 -0.110161 -0.152937 0.238206 -0.0809671
-0.0533891 0.0848353 -0.078276 0.0167687 0.0204555 0.104573 0.0761185 -0.0693575 -0.0318557 -0.0698715
-0.0848733 -0.0836715 0.0964515 0.119151 0.128553 -0.183221 -0.0816723 -0.00246742 0.0959822 -0.00423628
0.143805 -0.109877 -0.150422 -0.070049 0.148937 -0.084569 -0.114177 -0.0766114 0.140972 0.171989
0.0583576 0.092594 -0.130604 -0.178887 0.0711489 0.101081 -0.0584808 0.223034 -0.18068 0.00243675
0.122353 -0.153255 0.0719776 -0.0576875 0.124209 0.011381 0.0975227 -0.089177 -0.0636915 -0.0636297
0.0875453 0.061648 0.149083 0.0233344 0.128207 -0.235101 0.180834 -0.0885691 0.0307415 -0.337726
-0.278893 0.07222 0.0876671 0.195645 -0.0752221 0.107354 -0.0470341 -0.21519 0.141366 0.0120841
-0.232149 0.0829796 -0.244105 0.0736407 0.0241897 0.305932 -0.0224372 0.27021 0.0714467 -0.329702
-0.0977599 0.19967 -0.1427 0.0197429 -0.00166899 -0.0207702 0.108141 0.0545971 -0.0966384 -0.022615
0.0151514 -0.0274147 0.0764855 0.0563448 -0.0594282 -0.0303862 -0.00529768 0.203977 0.164466 -0.393897
-0.0866378 -0.00791841 -0.00762853 -0.230076 -0.00353482 -0.113519 0.136115 0.170642 0.171151 -0.0285947
0.00188786 -0.0886985 -0.0636775 -0.0111164 0.0775317 0.096159 0.0712156 0.102028 -0.036578 -0.148758
-0.0740941 0.0476309 0.127617 -0.127195 0.0666354 -0.0506142 -0.122592 0.0287873 -0.0593181 0.163145
-0.0812093 -0.0381676 0.107455 0.0759585 0.100455 -0.10639 -0.167374 -0.0199625 -0.143078 0.272309
0.112839 0.0134877 0.0107657 -0.0221106 0.0379112 -0.207254 -0.0215146 0.024777 0.0377761 0.013317
-0.0259856 0.0753418 0.020254 0.0714121 -0.080256 -0.00588263 -0.0959915 0.177773 -0.131065 -0.00559651
0.0500289 -0.0127257 -0.0973014 -0.288456 0.014667 0.0976077 0.0108861 -0.0998456 0.243987 0.0811488
0.108282 -0.180818 -0.231215 -0.177918 -0.0817779 -0.0102038 0.115979 0.0369316 0.313013 0.107727
-0.0292497 0.0258419 0.261505 0.0109332 -0.0330798 -0.104261 -0.0739077 -0.0209569 -0.0792085 0.0423828
0.0919966 0.027097 -0.0112512 0.0469028 -0.172968 0.187943 -0.158407 0.0981569 -0.040091 -0.0693748
0.0256552 0.089881 0.203742 -0.176053 -0.120607 -0.00665471 0.037343 -0.0136076 0.123991 -0.163691
-0.0795947 0.0800171 0.199522 0.110208 0.0179187 -0.118175 -0.123389 -0.0738999 0.0480875 -0.0606955
-0.00881473 -0.163716 0.0295538 0.111501 -0.0499685 -0.00110066 0.0350938 -0.0882334 0.203946 -0.0682634
-0.0314448 0.109423 -0.0965025 -0.162121 0.0893094 0.012058 0.205874 -0.0773372 -0.0475288 -0.00173071
0.113398 0.0994428 -0.0646962 -0.156784 -0.13621 0.181942 0.0341761 0.0120914 -0.0493497 -0.0340111
-0.177835 0.00133919 -0.192258 0.0274311 0.124127 -0.0318538 -0.106517 0.0117956 0.25532 0.0884559
-0.0395859 -0.0273021 -0.0763666 -0.137754 0.123689 -0.136349 0.0966777 -0.172109 0.0538028 0.315303
0.110828 0.0140282 0.0168518 -0.211063 -0.058509 -0.0448022 0.0236867 -0.0470792 0.114107 0.08195
-0.0137232 0.124415 0.0897943 -0.277925 0.0643782 0.126201 0.130326 -0.143875 -0.0529554 -0.0466377
0.0662082 0.156149 -0.0803459 0.197567 -0.161622 -0.039297 0.0636066 -0.00990578 -0.0860189 -0.106342
0.103632 -0.0906024 -0.00397714 0.251532 -0.188745 -0.165382 -0.0164988 -0.230745 0.120163 0.220629
-0.0185256 0.153965 -0.00207013 -0.126388 -0.000467348 -0.0929053 0.0618596 -0.054391 -0.0432349 0.122158
-0.0687552 0.173946 0.199683 -0.176116 -0.0599107 -0.00577205 -0.135459 0.0854278 0.0830126 -0.096057
0.0993511 0.0231912 0.0544042 -0.181899 0.0639713 -0.164566 -0.114685 0.224645 -0.051116 0.0467024
0.221626 -0.120245 0.0374461 -0.139902 -0.18375 0.157876 0.0333998 0.125974 -0.00873754 -0.123689
-0.0774326 0.0668781 0.00758339 0.098194 0.103979 -0.115108 0.0171199 -0.102805 -0.105349 0.106934
-0.0176618 0.0563176 -0.100129 -0.0982154 -0.108625 0.148731 0.190948 -0.0310265 0.0237791 -0.0641202
0.215984 -0.20617 0.0206744 -0.23109 0.0159537 0.010668 -0.0231162 -0.117073 0.0810789 0.233094
-0.106112 0.0745455 0.033772 0.146366 0.0523846 0.118458 -0.141617 0.0504304 -0.00740023 -0.220832
-0.0113577 -0.0858836 -0.0870056 0.0456935 -0.101705 0.111705 0.101764 0.0534869 0.0299999 -0.0567001
-0.08544 -0.130504 -0.187404 -0.196221 0.0686825 0.0789921 0.217179 -0.013518 0.141792 0.106447
0.0305815 -0.0566966 0.0301073 0.0324655 0.0699762 0.0265355 -0.00550397 0.169357 -0.109767 -0.187046
-0.157329 -0.084494 -0.321027 0.129673 0.00691317 0.24686 0.00810949 0.0288623 0.0286869 0.113747
0.0539391 0.126915 -0.0297099 -0.115575 -0.0450427 -0.0130229 0.217026 -0.061072 0.0339918 -0.167452
-0.015978 -0.129968 0.105903 -0.217098 -0.0303348 0.192597 -0.00480897 0.0214211 -0.0285556 0.106828
0.106888 -0.12201 -0.0103051 0.216161 0.122247 -0.0204175 -0.0939196 -0.110897 -0.332442 0.244693
-0.31051 0.00284348 0.150401 0.175302 0.110208 -0.0924528 0.00909321 -0.0551196 0.0536305 -0.043398
0.0529849 0.238066 -0.0218534 -0.113919 0.0832152 0.00295975 -0.100468 0.208079 -0.109282 -0.239786
-0.075599 0.105639 -0.000442858 -0.0602956 -0.0676768 0.176887 -0.0617217 0.097871 -0.0579432 -0.0567245
-0.228748 -0.0383647 -0.25525 0.0712427 0.0481251 0.148612 0.0101781 -0.0703288 0.261678 0.0528558
0.105705 0.0615159 -0.00816299 0.00291001 0.146069 -0.0681633 -0.0658435 -0.0296867 -0.108776 -0.0355638
-0.0814715 -0.0220125 -0.0181903 0.0120631 0.192019 0.159282 0.088388 -0.189626 -0.0220118 -0.118442
-0.207032 -0.0537376 -0.105153 0.0992197 -0.155334 0.192065 0.145613 0.0209263 0.0897609 -0.0263286
-0.173309 0.104115 -0.132594 -0.0184172 -0.0138607 0.0627638 0.159981 0.161708 -0.216788 0.0664013
0.0497241 -0.164723 0.185479 -0.0733884 0.0944463 -0.0114619 0.140677 -0.0899023 0.0115499 -0.142401
0.0579278 0.0891273 0.125297 -0.0459466 -0.156658 -0.0409171 0.157401 0.0387598 -0.0400952 -0.184897
-0.053192 0.0204778 0.0978078 0.0828493 0.0510114 -0.0894079 -0.0872773 -0.0471604 0.0366873 -0.0117993
0.00361301 -0.14286 0.025098 -0.0925799 -0.0905599 0.159521 0.0836212 0.0611864 0.0699735 -0.0770182
-0.203032 0.0549557 -0.191242 0.0402045 -0.000950828 0.261529 0.107576 -0.221337 0.0915359 0.0607655
0.160199 0.00891638 0.124618 0.103151 -0.00702582 -0.155869 0.0270112 0.0548245 -0.173081 -0.142746
0.169196 -0.0901045 -0.0261563 0.182649 0.0228239 -0.156305 -0.166033 -0.0269456 -0.00281723 0.0936938
0.0372832 -0.0208342 -0.0592194 0.0121446 -0.00661779 -0.0124201 -0.0603646 -0.139195 0.199999 0.049224
-0.0271898 -0.0510018 -0.0751987 -0.0303564 -0.147334 0.217857 -0.0150967 0.0420975 0.125472 -0.03924
-0.20805 0.0116664 -0.30681 0.184308 0.097117 0.0653294 -0.0651036 0.175636 -0.059947 0.105856
0.175892 0.0726839 -0.115808 -0.0952236 0.0100585 0.0510171 -0.192166 0.0488285 -0.139027 0.183736
0.00289763 0.267854 -0.0166848 -0.123897 -0.0403867 -0.0106937 0.0898156 -0.0898808 -0.0497069 -0.0293129
0.130278 -0.0629146 -0.114432 0.00570047 0.0332428 -0.231663 0.272116 0.0983762 0.0220818 -0.152783
-0.0944519 0.0770007 -0.00707299 0.0742535 0.0125602 -0.142996 -0.0259175 -0.0568712 0.235079 -0.0715827
-0.0504597 -0.0819282 -0.173309 0.166665 -0.110296 -0.00830047 0.0710175 0.0685154 0.215632 -0.0975342
-0.0721384 -0.158196 -0.0729309 -0.234717 0.138004 0.070422 -0.0435232 0.133585 0.144791 0.0947006
-0.127198 0.0525195 -0.255315 0.101413 0.015225 0.285419 0.0866302 0.0513612 -0.112827 -0.097225
0.178074 0.0406057 -0.109916 -0.0908216 0.00454878 -0.0709575 -0.119125 0.205638 -0.0437039 0.00566108
0.0968345 0.159921 -0.0255359 -0.0513526 -0.0485127 0.178964 0.0218463 -0.20975 -0.0140251 -0.108395
0.0278734 -0.140209 -0.0588357 0.103854 -0.0072689 -0.0290464 -0.188173 0.0144848 0.0712373 0.20608
0.00548895 -0.0248112 0.213842 -0.15319 0.0258076 -0.0867796 0.0394814 0.143391 -0.0963092 -0.0669254
0.0611449 -0.046032 0.101435 0.0442506 0.0763219 -0.113514 0.070571 -0.220418 -0.0235952 0.0498358
0.0619673 -0.193255 -0.2351 -0.137905 0.0125085 0.203125 0.183955 0.070348 -0.00875864 0.0431203
0.0581492 -0.123323 -0.114694 -0.157827 -0.0385897 0.302357 0.147709 -0.15444 -0.0143324 0.0949959
-0.0298999 0.145236 -0.0287414 0.0742238 0.00385832 -0.102159 0.101403 0.135565 -0.0755896 -0.223895
-0.021199 -0.150942 -0.106096 -0.0396183 -0.0278905 0.105839 -0.116983 0.149814 0.144505 0.0625764
-0.266003 0.0799431 0.183822 -0.140872 0.0125714 0.143727 -0.21618 0.122123 0.0953502 -0.014481
-0.0565312 0.0942097 -0.156895 -0.0733594 0.15927 -0.148444 0.076172 0.0432165 -0.0946548 0.157014
-0.117985 0.00345509 -0.0240752 -0.0167048 0.0144064 0.0902437 -0.206768 -0.0432391 0.138956 0.161706
-0.0566958 0.286761 -0.126888 -0.00352892 -0.00916408 -0.0166829 0.0512685 0.0494656 0.0253727 -0.199904
0.107067 -0.0363889 0.0170703 0.126877 -0.113998 -0.0725674 0.10074 0.126516 -0.189442 -0.0658775
0.02688 -0.0365868 -0.189352 0.192255 0.0287638 0.0895985 -0.140626 0.0305053 0.0747634 -0.0761992
-0.0393357 0.0138197 0.0184533 0.0160592 0.0762916 -0.107359 -0.0791533 0.149949 -0.242144 0.193423
0.0584568 -0.0407672 0.0929401 0.0285369 0.0125874 0.125409 -0.175262 -0.212854 0.018815 0.0921379
-0.00257378 0.0716376 -0.0103495 0.073837 -0.160745 -0.110804 -0.0662607 0.118922 -0.0573097 0.143646
0.0993044 -0.132798 -0.145194 -0.134337 0.0357451 0.0295955 0.0584535 0.00860576 0.143667 0.0369575
0.0390606 0.0382167 -0.1866 0.0892072 0.076696 -0.181605 -0.0307387 0.119792 -0.0342976 0.0702695
0.0472868 -0.14605 0.0573385 -0.0195909 -0.0388755 0.0186774 -0.0411167 0.240173 0.0416954 -0.159541
0.152729 -0.15583 0.23302 -0.146839 0.0169749 -0.13505 0.0815484 -0.0532887 -0.0486735 0.0554076
0.103941 -0.0134965 -0.135185 -0.115348 -0.0339244 0.102074 0.0680558 0.0871743 0.153246 -0.216536
0.0461229 0.024105 -0.105581 -0.0125032 -0.034616 0.0935676 0.0402109 0.0313515 -0.125727 0.0430698
0.107859 -0.0657745 0.0657595 0.0131017 -0.0608284 -0.110294 0.0388809 0.0602358 0.0750603 -0.124004
0.0433397 -0.0916295 -0.119643 0.0714479 -0.12098 -0.0406065 0.0394611 0.0142703 0.11975 0.0845877
-0.0544986 0.150323 0.0138216 -0.114495 0.144045 0.0754959 0.0303689 0.0186773 -0.00850785 -0.255231
-0.0311778 0.0264997 -0.0802326 0.157592 0.171685 -0.0405348 -0.175734 -0.123845 -0.0213374 0.117088
0.0855718 0.059247 -0.143129 -0.14573 0.0951388 0.135118 -0.144839 -0.119048 0.156248 0.0214179
0.0393275 -0.0420747 0.136328 0.132296 -0.11858 0.166997 0.210299 -0.178465 -0.253125 -0.0929999
0.000494122 0.00236669 -0.229454 0.145524 0.0573048 0.0100201 0.10355 -0.0665257 -0.174174 0.150893
-0.00140939 0.0381164 -0.109915 -0.0702648 0.102501 -0.0123949 -0.0397638 -0.177015 0.0205098 0.249643
0.120248 -0.163263 0.178079 -0.171028 0.158915 -0.288844 0.112964 -0.124073 0.261598 -0.0845987
-0.016606 -0.109154 0.0918299 0.138619 0.0689217 0.164524 0.0221563 -0.0950622 -0.331365 0.0661336
-0.0549654 0.0251551 0.0707739 -0.083519 -0.0084047 0.0700843 0.13932 -0.230733 0.15561 -0.0833232
-0.150982 0.0823762 -0.194233 -0.0327597 0.0827952 0.30409 0.0200713 -0.0787355 -0.0552998 0.0226836
-0.0754486 0.156881 0.256091 0.217118 -0.234031 -0.0376687 -0.0587608 0.00394874 -0.185809 -0.0423197
0.0806262 0.0369287 -0.0167235 -0.100339 0.15455 0.158217 -0.0662233 0.0606764 -0.114551 -0.193164
0.0211528 0.0197629 0.160217 -0.294727 -0.018002 0.200121 0.0696696 0.0698219 -0.0604789 -0.167548
0.0809077 -0.11421 0.0939181 -0.179681 0.0945345 -0.0196737 -0.0579961 0.0445596 -0.0321065 0.0897464
0.152765 0.0543304 -0.0172435 -0.128055 -0.123225 -0.123976 0.0739615 0.0638483 0.121342 -0.0737487
0.0958146 -0.0611376 -0.03849 0.0462977 -0.161386 -0.0522769 -0.105261 0.0756451 0.142733 0.0580529
0.0719015 0.0247562 -0.0455202 -0.191394 0.0223784 0.104336 0.183967 -0.194011 -0.0455074 0.0690938
0.0578857 -0.300516 0.0532 0.209234 -0.0440221 0.0239466 0.0282021 -0.22684 0.0158895 0.183012
0.0365246 0.222626 0.211173 -0.179485 0.0715072 -0.122328 0.0383548 0.138092 -0.161472 -0.254999
-0.0608546 -0.0387587 0.367129 0.00943685 0.0604998 -0.265468 -0.0358065 0.0574815 0.159467 -0.253126
-0.071361 -0.0203102 0.066039 0.0274689 0.232544 -0.106574 -0.0428424 -0.0836621 0.135095 -0.136395
-0.16028 -0.0970033 -0.0412124 0.0726033 -0.075523 0.131176 0.0331171 0.0248334 0.0716235 0.0406603
-0.124008 0.126508 0.0301304 0.0389209 0.0440901 0.0814553 -0.0352318 -0.00993748 -0.177775 0.0258479
0.0120684 0.0837232 0.0882435 -0.220434 0.0216742 -0.0105879 0.0696194 -0.0316447 -0.0686046 0.0559376
-0.0569544 -0.0832304 0.358318 0.189146 -0.252282 -0.0693013 0.0178203 -0.157436 -0.00178958 0.0557095
-0.17239 -0.0899689 -0.24089 0.27582 0.120131 -0.0730529 -0.031675 0.0943942 -0.0508818 0.168511
-0.166979 -0.133017 -0.144634 0.180636 0.0296959 0.0355988 -0.0703294 0.0579481 0.0136139 0.197471
0.0603565 0.0225799 -0.119948 -0.00716692 -0.0259004 -0.0445371 -0.00801245 -0.00705888 0.139539 -0.00985072
0.102269 -0.0787548 0.240663 0.094057 0.0248576 0.0179618 -0.044793 -0.0751959 -0.0343602 -0.246704
-0.0484533 0.185174 -0.121633 -0.00303443 0.137483 0.100046 0.0864165 0.0168501 -0.211541 -0.141303
0.0912389 -0.0746751 0.0961587 -0.164019 0.132812 -0.105593 0.00342593 -0.104305 0.056778 0.0681806
0.102534 0.0771453 -0.0130043 -0.0617393 -0.19731 0.202766 -0.0165126 0.0276164 -0.047623 -0.0738756
0.00613751 -0.00656873 -0.21198 -0.184684 0.143768 -0.149453 0.0552463 -0.0635347 0.288191 0.122879
0.0603671 -0.0845899 -0.238981 0.227576 -0.0992973 0.0566291 -0.0598287 -0.127984 0.00697837 0.259132
-0.00244828 -0.0429841 0.167469 0.240692 -0.128136 -0.217364 -0.229931 3.91274e-05 0.0307265 0.181935
-0.0427095 0.0888196 -0.200398 -0.046287 0.295621 0.00751622 -0.0469755 0.126094 -0.112578 -0.0690964
-0.00372317 0.0559314 -0.0950167 -0.0724029 0.11451 -0.014449 -0.0111032 -0.106695 0.0135463 0.1194
-0.137073 -0.0530447 -0.228486 -0.0879211 0.0828724 0.175533 0.15085 -0.00343823 0.0470023 0.0537082
0.190744 -0.111897 -0.119181 -0.0361574 -0.0123449 -0.0718145 -0.0593901 0.120519 0.050462 0.0490606
0.248866 0.0187887 0.28136 -0.131987 -0.0736323 -0.140929 -0.070138 0.023323 -0.0186397 -0.137009
-0.0584219 0.0522687 0.0822805 0.00226634 0.00596047 0.0404727 0.0443175 -0.0592172 -0.142821 0.0328971
0.115209 0.232031 0.056969 -0.203922 -0.0183229 0.0831518 -0.0311188 0.0414082 -0.221847 -0.0535549
0.0939106 0.00343771 0.0207264 0.000444654 0.0183292 -0.144338 0.129256 0.173332 -0.202607 -0.092492
0.0183684 0.173931 -0.0889321 0.0106828 -0.0210459 -0.0693362 0.0725051 0.0550054 -0.134097 -0.0170796
-0.0585259 -0.0594226 0.184916 0.123558 -0.110477 0.075677 0.00051142 -0.138998 0.0828411 -0.100084
-0.0483189 0.0679067 0.0532188 -0.0382705 0.108159 -0.104559 0.138087 -0.126387 0.0293562 -0.0791857
-0.0618379 0.262202 0.214315 -0.143629 0.0473861 -0.171957 0.0263897 0.13343 -0.0875055 -0.218794
0.134393 -0.0828835 0.0237197 0.0654764 -0.240838 -0.0544379 0.0759126 -0.214865 0.194847 0.0986693
-0.0725007 -0.140365 -0.00291817 0.0299463 -0.047386 0.156139 -0.0313009 -0.00109378 -0.0229372 0.13242
-0.0768626 0.107751 -0.187528 -0.0850031 0.0890319 0.0791712 0.111872 -0.108957 0.124098 -0.0535687
-0.0299807 0.146026 0.0618232 0.0739767 0.0278359 -0.187223 -0.037251 -0.0176388 -0.0897049 0.0521405
-0.20993 0.120009 0.0646165 0.143719 -0.108269 0.12932 -0.00418501 -0.0662588 -0.156686 0.0876658
-0.0336821 0.0586636 -0.0189261 0.0346035 0.0522914 -0.0803807 0.00476783 -0.0478525 0.0344898 -0.00398072
-0.0722381 0.142456 0.149682 -0.141874 -0.0357926 0.0941865 0.0343672 -0.00566554 -0.054966 -0.110153
0.0347711 -0.238435 -0.0878083 -0.105381 -0.0150242 0.0629227 0.102556 0.184371 -0.0915848 0.153617
-0.00506116 0.144498 -0.0368287 0.145832 -0.185062 0.053263 -0.128983 0.129303 -0.173071 0.0561049
-0.162652 0.100737 0.0486408 -0.198416 0.16987 -0.208111 -0.0910442 0.184531 0.100402 0.0560413
-0.190408 0.143632 -0.0588035 0.0685308 0.1016 0.0630287 0.0438971 0.104179 -0.0544584 -0.221199
-0.0735502 0.147277 -0.00279907 -0.0966339 0.0113154 0.0247174 -0.0713439 0.174008 -0.0149366 -0.0980533
-0.0774944 0.0601414 -0.0772743 0.115269 -0.00696228 0.0562342 0.0142824 0.116299 -0.177347 -0.0231462
0.0516593 -0.104665 0.0554561 0.021171 0.0165141 0.0669168 -0.0627536 -0.214574 0.0817588 0.0885091
0.00682486 -0.0116755 -0.00535099 0.0594808 -0.107642 0.251418 0.0606751 -0.00831137 -0.190112 -0.0553022
-0.181616 0.0881451 -0.117156 0.0850792 -0.150635 0.182781 0.209273 -0.0582469 -0.12365 0.0660285
0.199856 0.0232964 0.14131 -0.199093 0.285243 -0.150781 0.101526 -0.199181 -0.000216127 -0.201958
-0.119707 0.00690492 0.00644397 0.13699 0.0232602 0.112601 0.0465854 -0.344722 0.154552 -0.0229199
0.201608 0.00824847 0.0387876 0.0349376 -0.186852 0.0697424 -0.00346614 -0.00470529 -0.0392774 -0.119027
0.00884538 -0.108395 0.108541 -0.165898 0.146132 0.0917586 0.135665 -0.162484 0.129848 -0.184009
-0.0837231 0.108667 -0.012761 -0.0233906 0.0519632 0.0184517 0.130411 -0.0892289 -0.0432432 -0.0571442
-0.0553895 0.0189621 -0.0589293 -0.0527817 0.0508624 0.0511842 0.0536291 -0.0696745 -0.00121347 0.0633444
-0.088895 -0.168446 0.035171 0.0731969 0.0661666 0.12472 0.187728 -0.136489 0.0241819 -0.117327
0.0277939 -0.0822357 -0.0287163 0.0186033 0.145838 -0.0975565 -0.0884792 -0.0605433 -0.00719363 0.172493
0.017675 0.0491661 -0.209676 -0.145976 0.264494 0.0326467 -0.0223716 -0.0619777 -0.0375975 0.113616
-0.00965151 0.159319 0.228653 -0.0474949 0.173895 -0.273186 0.0307478 -0.104101 0.116994 -0.275177
0.138581 -0.144844 0.104487 -0.125203 -0.202439 -0.134635 0.218686 -0.106555 0.166178 0.0857378
0.0436017 -0.229752 0.141983 -0.0320282 0.0306707 -0.216472 0.0499668 -0.164341 0.240069 0.136302
-0.0594531 -0.0101234 -0.0291702 -0.052201 0.137814 0.0197134 -0.0167588 0.16964 -0.128456 -0.0310035
0.0235499 0.103268 0.18727 -0.102831 0.193553 -0.0419928 0.0936859 -0.0893642 0.0651178 -0.432259
-0.02807 -0.00256544 -0.0692985 -0.0756425 0.199731 -0.105139 -0.119687 0.0578828 0.0766911 0.066099
0.13066 0.0359176 -0.158001 -0.101543 -0.244009 0.0498328 0.0282733 -0.00783399 0.0169023 0.249803
0.0816994 -0.00141659 -0.0634243 -0.117524 0.0398877 -0.0286261 0.201947 -0.0547657 -0.0298125 -0.0279635
0.0886467 0.226173 -0.0682394 -0.00228185 -0.186496 0.0408872 0.0832546 -0.00392592 -0.0851286 -0.0928904
0.0237518 0.034866 -0.180423 0.113013 0.028855 -0.0696429 -0.111944 0.0206234 -0.0516137 0.192515
0.0797144 -0.187421 -0.12137 -0.0311292 0.103998 -0.115133 -0.0863533 0.115515 0.095914 0.14626
0.00779036 -0.012769 0.0593538 -0.0716081 0.00432853 -0.120652 -0.0343592 0.117762 -0.0382798 0.0884299
-0.0416207 -0.0110791 0.00169782 0.0781975 -0.00189646 0.0845015 0.0206865 -0.110268 0.039272 -0.0594892
0.104288 -0.104921 0.0476219 -0.00533432 -0.12641 -0.0775636 -0.20982 0.223592 0.105242 0.0433029
-0.0480495 -0.223738 0.043005 0.0169207 -0.0847797 -0.0322816 0.163971 -0.0585135 0.163315 0.0601515
0.198497 -0.117411 -0.0160411 -0.17966 -0.0171534 -0.0871148 -0.0395398 0.211988 0.209641 -0.163208
-0.132288 0.0379978 0.130163 0.0636033 -0.159634 0.171775 -0.182917 -0.00836739 -0.0745087 0.154175
-0.0631646 0.0443145 0.00203148 -0.0240694 0.0778346 -0.106766 -0.0383145 0.262176 -0.162877 0.0088378
0.178057 -0.0293274 0.102006 -0.0742136 0.0820555 0.00449043 -0.0766556 -0.230538 -0.0874694 0.131598
-0.00702479 0.0970664 -0.118137 0.128464 -0.184342 0.069967 0.151067 -0.157339 0.220586 -0.200311
0.0612179 -0.155717 0.137983 0.0354102 -0.171204 -0.113927 0.145982 -0.0682952 0.252186 -0.123637
0.0573741 -0.107792 -0.0884002 -0.0227923 0.0852222 0.0791036 -0.0931315 0.0258874 -0.0101802 0.0747109
-0.115785 0.231366 -0.0181013 -0.102122 0.155586 -0.131056 0.108841 0.000337263 -0.153228 0.0241658
0.0886642 -0.0960761 -0.0916124 -0.0378498 -0.0768995 0.0947126 0.201389 0.0510368 0.0114694 -0.144825
0.0635131 -0.0778265 0.0530115 -0.0447679 -0.0136123 -0.173995 0.242788 -0.151353 0.184755 -0.0825085
0.0252507 -0.137535 -0.0576865 -0.00421602 -0.00295362 0.0447102 0.196612 -0.120835 0.157049 -0.100393
0.0589926 -0.0727308 0.112569 0.11063 0.0727327 -0.104901 -0.0769042 0.188679 0.00503735 -0.294108
-0.0488531 -0.00107388 -0.0416501 -0.0218735 -0.0606559 -0.274431 0.0236798 0.219152 -0.0163867 0.222093
-0.0716278 -0.0840953 0.0496101 0.189219 -0.0871996 -0.24949 -0.0729804 0.116123 0.102988 0.107451
-0.099358 0.084098 0.0101304 0.147531 0.0996469 -0.0491954 0.0691645 -0.0188529 -0.103048 -0.140114
0.123524 0.0495197 -0.181019 0.0289453 0.112531 -0.0734368 -0.0453927 0.0661032 0.0787443 -0.159527
0.106707 -0.0471084 -0.127599 -0.168742 0.174167 0.0246006 -0.0712068 -0.0266791 0.0725553 0.0633049
0.0110201 0.00549257 -0.00108726 -0.0673886 0.0265403 0.124955 -0.0865395 0.0938793 -0.0754689 -0.0314011
-0.147661 -0.0811286 -0.160988 0.0416531 0.0753711 -0.0945117 -0.0431646 0.0695618 0.151416 0.189448
-0.0693465 0.0469236 -0.0318917 -0.0883315 0.0743219 -0.0542812 0.142735 -0.0228151 0.00678809 -0.00409896
0.0291486 -0.08036 0.123395 0.0669612 0.090929 -0.0455599 -0.129985 -0.0625103 0.120134 -0.112152
-0.046956 -0.0524141 -0.0240433 0.0665393 -0.0309909 0.0110438 0.0798843 -0.044588 0.0477427 -0.00621256
0.0597295 0.0517772 -0.0252674 -0.0942388 0.061417 -0.198191 0.121056 0.117682 -0.0973155 0.00335778
0.0637524 -0.00559037 0.0811215 -0.12618 -0.0496047 -0.0194819 -0.00941393 0.0292602 -0.00994529 0.0460847
0.161344 -0.0951271 -0.00555998 -0.0903183 0.122502 -0.0963513 0.135178 -0.0547437 -0.0803031 0.0033836
0.0449642 -0.100184 -0.0456813 -0.11184 0.235427 -0.128003 -0.12728 -0.0507451 0.122026 0.161317
0.108972 0.0602001 -0.149764 -0.166198 0.0795983 0.163602 0.045478 -0.102455 -0.044857 0.00542375
-0.0531197 0.0394277 0.157404 0.0296791 -0.107648 -0.00094367 -0.023985 0.128947 -0.118543 -0.0512141
0.0090964 -0.00702723 -0.172635 0.0984852 -0.0248689 0.0153448 -0.0927443 0.20546 -0.0244686 -0.00664394
0.176222 0.044312 -0.00771692 -0.167033 -0.12006 0.242268 -0.0453649 0.0818837 -0.140175 -0.0643352
-0.0315644 -0.0572256 0.0795682 0.168903 0.0511397 -0.153504 -0.157486 0.00173046 -0.100907 0.199342
-0.0303455 0.0996306 0.00222899 -0.00519973 -0.241558 0.15842 0.042001 -0.0450821 -0.0372869 0.0571888
-0.1741 0.0207398 0.0751394 0.148763 -0.174377 0.0946021 0.108634 -0.245112 0.190645 -0.0449305
0.0216643 0.0892934 0.268707 -0.082283 -0.0507747 -0.0541896 -0.00723277 -0.0218525 -0.116737 -0.0465875
-0.171185 -0.0254311 0.0471404 0.300034 0.010884 -0.147542 -0.217044 0.157404 -0.016974 0.0627198
-0.0704092 -0.0595803 -0.11665 0.0602299 0.0585019 0.0255855 0.0815207 -0.00548624 -0.0134566 0.0397453
-0.0491101 -0.202161 0.121038 0.148166 0.0505848 -0.0515638 0.0171887 -0.169722 0.0750211 0.0605567
-0.100456 -0.0575061 0.0842533 0.108033 0.0200208 0.138718 -0.150162 -0.213659 0.171701 -0.000940112
-0.0257807 -0.00666819 0.214943 0.126413 -0.0153563 -0.0397762 -0.0584756 -0.189638 0.166427 -0.172087
0.0791637 0.0908113 -0.118098 0.121291 -0.0432267 0.0633767 -0.0700832 -0.100611 -0.0399055 0.0172804
-0.00223997 0.140758 0.0075744 -0.113905 0.18345 -0.0786991 -0.00106193 -0.0801278 0.00382004 -0.0595676
-0.0219191 0.0718209 0.0552325 0.181182 -0.131451 -0.0184103 -0.165097 0.239095 -0.249671 0.0392155
0.10454 0.0714262 -0.215347 -0.0588501 0.0366384 -0.0586361 0.184321 -0.0344443 -0.0159007 -0.013753
0.127584 0.161414 -0.323978 0.110507 -0.0905919 0.154896 0.144548 -0.0259349 -0.172335 -0.086114
-0.0310454 -0.103864 0.0109859 -0.0920823 -0.0149363 0.0516281 0.11969 -0.112822 0.264514 -0.0920599
0.00937405 0.072858 0.163913 -0.151115 0.0898646 0.0230493 -0.078324 0.122315 -0.163805 -0.0881298
0.0232506 -0.0651715 0.0953088 0.0358369 -0.24459 0.105782 0.0302581 0.178915 -0.221436 0.0618421
-0.120093 -0.0241374 0.131829 0.207048 -0.0486362 -0.111081 -0.101286 0.0926818 -0.0196242 -0.0066926
-0.116552 -0.00969464 -0.0649662 -0.13824 -0.0643082 0.152319 -0.0376279 0.0866492 3.9774e-06 0.192412
-0.135477 -0.102736 0.0528883 0.163996 0.0498098 0.0197486 -0.0626576 -0.22721 0.154562 0.0870764
0.104344 -0.125482 -0.156288 0.257766 0.194565 0.0734914 0.115007 -0.269504 -0.0737933 -0.120109
0.0454992 -0.08418 0.0354305 0.0843236 -0.210095 -0.0953819 -0.165102 0.0204621 0.082534 0.286509
0.0236666 0.116188 -0.0714851 -0.175086 -0.0391912 0.203717 -0.0984982 0.170192 -0.10551 -0.0239896
0.0486771 -0.163861 0.105618 -0.180516 -0.294854 0.131783 -0.128616 0.0305352 0.208721 0.242513
-0.0181613 -0.0299623 -0.100738 -0.139194 -0.0608946 0.204229 0.185264 -0.0499815 -0.0635064 0.0729515
-0.0294026 -0.0164013 0.136139 0.155368 -0.182101 0.05323 -0.158465 0.191753 0.051324 -0.201447
-0.0741874 0.169162 0.0809046 -0.00470942 -0.0241595 0.196804 -0.133996 0.0664821 0.00262946 -0.278933
0.25062 -0.23039 0.0644167 0.0469942 -0.0231688 -0.0797543 0.0646563 -0.178318 0.0201694 0.0647722
0.0829581 -0.0741971 -0.0108015 -0.0138993 -0.0623764 0.239003 0.0379527 0.049519 -0.224277 -0.0238785
0.122827 -0.143142 0.185792 0.0881499 -0.232938 0.0176419 -0.149555 0.123816 -0.11118 0.0985884
0.0649484 0.13241 0.0967013 -0.194607 0.0594916 -0.182752 -0.0122754 0.0123102 0.165616 -0.141846
0.0290809 0.019286 -0.0670041 0.00847598 0.180613 -0.106348 -0.328778 0.198479 0.0472343 0.0189553
0.110102 0.061861 -0.050636 0.0838979 -0.260715 0.184862 -0.0033151 0.135498 -0.213909 -0.0476479
-0.032813 0.114507 -0.31885 0.0821579 -0.0453212 0.045386 0.204124 0.208218 -0.0146032 -0.242811
-0.00757139 0.0196841 -0.0348461 0.115935 -0.0334621 0.124546 -0.147934 0.132358 -0.214125 0.0454162
0.143872 -0.201043 0.0757393 -0.257094 0.0606182 0.139044 0.135272 -0.189886 0.108689 -0.0152123
-0.0480349 0.0616644 -0.0279433 -0.070146 -0.0368638 -0.00429178 0.1336 -0.0681325 0.152821 -0.092671
0.0522742 0.0265207 0.0605861 0.0413321 -0.142704 -0.117359 -0.1008 -0.0803072 -0.00462137 0.265075
0.0445348 -0.00963304 0.159513 0.157491 -0.213947 -0.125635 0.131283 -0.203684 0.0453262 0.0147433
0.193757 -0.112366 0.0325911 -0.241922 0.111778 0.0348342 -0.129474 -0.0197313 -0.0780338 0.208565
0.0566151 -0.0456148 -0.0485814 0.227405 -0.0943401 0.0876543 0.107878 -0.141159 -0.187605 0.0377504
0.0997441 -0.208352 -0.0650228 0.0376848 -0.0326941 -0.0693576 0.127758 -0.00725358 -0.0209068 0.138404
-0.0936304 0.0967919 -0.27476 0.128306 0.118576 0.0232095 -0.0780248 0.189274 -0.0124945 -0.0972433
0.0869099 0.0256502 0.0869045 -0.0377718 -0.0822127 0.175781 -0.0530407 -0.153495 0.0652609 -0.113983
0.0836546 -0.0193907 0.130723 0.174758 -0.0172915 -0.147288 -0.077356 -0.11949 0.106643 -0.11497
0.0655336 -0.0979006 -0.175537 0.136004 -0.149981 0.238703 -0.0154263 0.0860726 -0.0898808 0.0024152
0.0983637 -0.10387 -0.0870087 -0.129918 -0.220456 0.0218548 -0.0478163 0.126627 0.309559 0.0326656
-0.163504 0.0953272 0.226555 0.0288607 0.185137 0.139882 -0.14106 -0.0626091 -0.118228 -0.190358
0.026066 -0.0944547 0.0682591 -0.0654168 -0.141567 0.121647 0.121255 -0.0469259 -0.065715 0.0768598
0.0652453 0.0993068 0.00107931 0.142379 -0.10299 -0.157487 -0.118258 0.217567 -0.0150382 -0.131805
-0.108164 0.00755577 -0.101787 0.0565313 0.130377 0.152464 0.0127386 -0.0285468 -0.215026 0.0938577
-0.0991284 0.0914745 -0.0456757 -0.195526 0.21351 0.15269 -0.0966258 0.14018 -0.0606927 -0.100196
0.216934 -0.228345 -0.0285647 -0.114697 0.16599 0.0216129 -0.0330624 -0.18993 0.0411618 0.148899
-0.0435529 0.121373 -0.102518 -0.236858 0.115198 0.192887 0.220061 -0.0839131 -0.133171 -0.0495076
0.06924 -0.00475761 0.0374406 0.14509 -0.0848858 -0.178117 0.07476 -0.101032 0.10649 -0.0642309
0.0602907 -0.0692278 -0.0433457 0.129976 -0.165045 -0.0679877 0.0504388 -0.0884887 0.00160259 0.191792
0.0277286 -0.0479384 0.13572 -0.120263 0.0782741 -0.0581202 -0.00339745 0.0145379 0.0429493 -0.0694959
-0.0539643 -0.0652195 0.0178865 0.175372 -0.21587 0.029148 0.195077 0.045581 0.0114781 -0.139487
0.0506914 0.144262 -0.0122111 -0.141292 -0.201651 -0.00817045 0.0557842 0.137464 -0.109012 0.0841343
0.00867878 0.0836105 0.00869473 -0.0813701 -0.0351224 0.201315 -0.16647 0.177348 -0.227212 0.0305241
-0.140336 0.222928 0.0274077 0.104842 -0.020642 -0.0269469 -0.115597 0.042395 -0.0431286 -0.0509214
-0.0684387 0.0938682 0.159259 0.0725547 -0.0539859 0.0284364 -0.222673 0.0369495 0.0044919 -0.0504661
0.0257944 0.00495543 -0.0182783 -0.123535 0.0966849 0.0859485 -0.130035 0.0587536 0.0352273 -0.0355156
0.022002 0.0925451 0.0380069 -0.0667559 0.0342346 -0.110577 -0.0549664 0.304331 -0.196636 -0.0621826
0.20181 -0.0289838 0.0941684 -0.0805284 0.0286994 -0.0344241 -0.188877 0.00918105 0.000490355 -0.00153865
0.0450066 -0.026749 -0.0328375 0.107881 -0.167142 0.148536 -0.00135372 -0.0273134 0.12038 -0.16641
0.0316982 0.0235252 -0.0748797 -0.0654078 -0.0657008 -0.0173653 -0.161989 0.123001 0.0391213 0.16799
-0.110389 0.129517 0.0753689 0.0027636 -0.0955045 -0.0922024 0.0356911 0.0434348 -0.00477916 0.0160997
-0.00725217 -0.0797041 0.108667 -0.0254988 -0.0774908 0.051614 -0.146615 0.143097 -0.102666 0.135855
-0.137068 0.0328348 0.130827 -0.0314527 -0.0317234 -0.0815966 -0.022224 0.0881215 -0.055773 0.108054
-0.1983 0.076357 -0.138503 -0.00327597 -0.0363029 0.0967729 0.0219407 0.0659017 0.141488 -0.0260787
-0.0440062 0.11161 -0.0916426 0.202465 0.0242748 0.187172 -0.0860305 -0.0466348 -0.144269 -0.112933
0.0102165 -0.0183798 -0.0436879 -0.0864823 0.0895237 0.016096 0.0849823 -0.0695091 -0.0157077 0.0329414
0.0367676 -0.249261 -0.041704 0.000485829 -0.066867 -0.145761 0.0416283 0.0233019 0.182305 0.219109
-0.0581859 0.129292 -0.201273 0.0943821 -0.0208055 0.0185188 0.0301606 0.0237097 -0.0594338 0.0436329
0.0834954 0.0371468 0.286867 -0.318639 0.0290827 0.0359575 0.0282827 0.0303293 0.0050404 -0.217567
-0.0456049 -0.227589 -0.157009 0.120422 0.0677 0.162942 -0.142055 0.247989 -0.0838422 0.057049
0.0328583 0.054516 -0.0924159 -0.190959 0.290944 -0.0986865 0.0864504 -0.0245049 -0.0509429 -0.00726497
0.00574464 -0.119597 0.088837 0.092411 0.0770778 0.0399196 0.0722065 -0.24375 0.00345174 -0.0163105
0.0531085 0.0596703 -0.0657087 0.147713 0.0054896 -0.214006 0.0174737 0.104846 -0.160115 0.0515275
0.042438 0.0486494 -0.0175389 -0.106874 0.0274739 0.0274424 0.0622745 -0.165368 0.0701422 0.0113576
0.00825674 0.050183 0.0684173 -0.122079 0.0485241 -0.00230589 -0.050558 -0.0721295 -0.0464091 0.118097
-0.0123419 0.00626906 -0.117848 0.0507054 0.02838 0.102504 0.0143791 0.0139457 -0.195809 0.109819
-0.0512673 0.0706494 0.245629 -0.148108 0.276418 -0.0402391 -0.236259 -0.0948611 -0.0737195 0.0517576
-0.0826794 -0.0492352 -0.0636658 -0.198291 0.109365 0.0729144 0.161223 0.065391 -0.0890932 0.0740714
-0.00156598 -0.0610448 -0.0265854 -0.221886 -0.0995504 0.0119879 0.111753 -0.0211085 0.131845 0.176154
0.0370428 0.064714 -0.126371 0.157744 0.0269018 0.0314706 -0.0436708 -0.190172 0.142492 -0.100156
-0.0349059 -0.0266523 -0.0787101 -0.0185923 -0.0742913 0.180002 0.0799248 -0.0363476 -0.222115 0.231695
-0.185229 0.0466026 -0.0980893 -0.0117595 0.0863896 -0.0968663 0.0785791 -0.0925009 0.0475907 0.225283
-0.00920184 -0.0735809 0.0164079 -0.0215376 0.107139 -0.0163648 -0.0241013 -0.0372021 -0.0763441 0.134794
0.0930797 0.0149679 0.0698669 0.0223696 0.0991672 -0.217708 -0.0709513 -0.085016 0.0270993 0.0471234
0.0892479 0.203753 -0.0738194 0.0975704 -0.130954 -0.0848093 0.0259334 0.140329 -0.0562689 -0.210984
-0.0682839 0.0963042 -0.0695449 0.0870964 -0.0254318 0.131205 -0.0921513 -0.0687394 0.052296 -0.042753
0.176336 -0.0365736 0.166489 0.189697 -0.189013 -0.0372143 0.0413373 -0.112267 0.0616483 -0.260447
-0.127828 0.00943605 -0.0994566 0.0392397 0.142804 0.12114 -0.00887471 -0.15956 0.110097 -0.0269946
0.0481052 0.0376102 0.0263982 -0.00512214 0.0164554 -0.168208 -0.0426371 -0.174569 0.192273 0.069685
0.0219818 -0.0802653 0.11379 -0.118917 0.120375 0.135681 -0.258448 0.0857477 -0.227979 0.208033
-0.0352813 0.178828 0.064122 0.118591 -0.0351382 -0.124429 -0.0973988 0.0841816 -0.0716083 -0.0818698
-0.0193809 -0.0421524 0.13295 -0.0188894 -0.09909 0.120541 -0.0591404 0.188034 0.186246 -0.389123
0.0858098 -0.0152325 -0.0609678 -0.0806428 0.185704 -0.11921 0.0319574 0.0771926 -0.107847 0.00323927
-0.0789589 0.035807 0.024255 0.127119 -0.235752 0.0363995 0.0413013 0.171387 -0.068492 -0.0530646
-0.00307421 -0.134389 0.264765 -0.0321357 0.185931 -0.111848 0.0392743 0.181202 -0.140416 -0.249312
0.0221907 -0.0204698 -0.0401351 -0.0265197 0.0303462 -0.0132842 0.0813814 0.0413791 -0.138988 0.0640958
0.118458 0.0525422 0.169482 -0.00364074 -0.177833 -0.05399 -0.000302849 -0.169091 0.0171689 0.0472042
-0.0157824 0.0127527 0.160466 -0.172188 0.0387589 -0.0548853 0.169356 -0.168504 0.0747707 -0.0447456
0.0201453 -0.0414744 0.0894251 0.0541094 -0.07381 -0.0160113 0.0649502 -0.311772 0.24325 -0.0288191
0.023213 0.0140666 -0.0470005 0.0148947 0.0703457 -0.0717457 0.0778365 -0.0583841 -0.0851213 0.0618965
0.0913323 -0.0163102 0.129498 0.167944 -0.206269 -0.233251 0.0231946 0.0836439 0.0380404 -0.0778323
0.00109273 0.0420209 -0.104889 -0.0704113 0.152438 0.0630584 0.0548365 0.0865941 0.000128027 -0.224869
0.0384885 -0.00701561 0.164216 0.0511626 -0.229034 -0.0683775 -0.0196492 -0.0840953 0.156487 -0.00218669
0.0359512 0.149197 0.0862124 -0.145892 0.12097 0.0116652 -0.131893 -0.0450819 0.0741882 -0.155323
-0.038985 0.120176 -0.113539 0.115421 -0.030763 -0.0337136 -0.0784594 -0.0692126 -0.0610588 0.190138
-0.113622 0.121788 0.0955181 0.0825377 -0.10193 0.0704337 -0.189762 0.0950544 0.109125 -0.169145
0.0257597 -0.0925136 0.27165 -0.0745216 0.0866641 -0.045401 -0.0914997 -9.11864e-05 0.0062713 -0.0863183
-0.0407329 -0.0346387 0.0373037 0.205567 0.0208144 -0.0109193 -0.0744419 0.155651 -0.0680857 -0.190521
0.0310475 0.0666584 0.0273258 -0.152623 0.0532601 5.32921e-05 0.054999 0.0362658 -0.0428271 -0.0741644
-0.252837 0.0168844 -0.275633 0.0952499 -0.0527912 0.210849 -0.173631 0.214956 0.112411 0.10454
0.107452 0.157789 -0.0158856 0.0401898 0.0593893 -0.09699 0.111714 -0.133683 -0.168398 -0.0615789
-0.0886747 0.164571 -0.0741313 -0.0180368 0.139603 0.163689 0.205643 -0.160437 -0.123138 -0.209086
-0.00928804 -0.0620241 0.0964223 -0.0803445 -0.0787414 -0.0612718 0.0916719 -0.185803 -0.00637461 0.295751
0.0492589 0.089724 -0.0141704 0.141419 -0.151135 0.00758072 -0.0366973 0.0582808 -0.197733 0.0534629
0.0449101 0.0305741 0.0394698 -0.0766486 0.228164 -0.139529 0.0377808 -0.260019 0.0190441 0.0762531
0.127756 0.193953 -0.0270101 -0.190094 -0.115861 -0.0107104 -0.0811024 0.0585614 0.062115 -0.0176115
-0.097668 0.0113208 0.100575 0.125505 0.0507203 0.0452468 -0.215172 -0.175247 -0.0162861 0.171002
-0.104542 -0.0577098 -0.0900864 0.160087 -0.0933835 -0.0406073 0.0367611 0.267097 0.0643868 -0.141999
-0.0185534 0.0594356 -0.0728415 0.0281451 0.257884 -0.0207938 -0.0841082 -0.0350316 -0.144799 0.0306629
-0.0658015 0.0113179 0.216794 -0.0589013 -0.188734 -0.0395301 -0.0679289 0.0342664 0.254442 -0.0959228
-0.0657993 -0.0349715 0.133456 -0.240631 0.0776526 -0.148327 0.00198982 0.00568343 0.142704 0.128244
-0.0319775 0.183255 0.0677461 -0.179852 0.0645095 -0.0198065 -0.03069 0.178678 -0.223758 -0.00810542
-0.11318 0.0196264 -0.093826 -0.00684589 0.135335 -0.0304147 0.173506 0.00528947 0.00597714 -0.095462
-0.0895777 0.0994838 -0.0825483 0.159597 0.185855 -0.148972 -0.0534171 -0.0375628 0.00405761 -0.0369172
-0.116796 -0.123626 0.0325461 0.248192 -0.0529606 -0.152451 -0.0995561 -0.0102444 0.270156 0.00473629
-0.0680263 -0.029368 -0.165996 0.110306 0.119835 -0.192694 -0.000839864 -0.0510402 0.268787 0.00903544
0.126816 -0.103006 0.266258 -0.151102 -0.124091 -0.130426 0.185768 -0.200147 0.123106 0.00682554
-0.0795379 -0.0814538 -0.0786992 -0.00153242 0.0731577 0.0200465 0.0382343 -0.117099 -0.0823599 0.309249
-0.0687684 0.0970511 -0.000205465 -0.0469095 -0.107107 0.13494 0.0271786 0.074131 -0.0514709 -0.0588351
-0.108206 -0.089277 0.0645654 -0.0551627 -0.09087 0.0546875 0.179489 -0.0290678 0.143286 -0.0694399
0.0634358 0.0026569 0.0654184 0.0781146 0.0952718 -0.0168271 -0.156419 -0.0687453 0.0108977 -0.0737975
-0.107332 0.0567104 -0.122314 0.200491 -0.167864 0.122195 0.0279384 -0.0675964 0.108706 -0.050934
-0.0569961 0.0231792 -0.00746114 -0.143687 0.183928 0.026111 -0.0760737 -0.109305 0.0155415 0.144765
0.02151 -0.185737 -0.277945 -0.149962 0.167273 0.31487 -0.107951 -0.150837 0.116297 0.252486
-0.0425686 0.133815 -0.247255 0.219137 0.0233003 -0.0536601 -0.124224 -0.0261224 0.0607764 0.0568052
0.0789596 -0.113332 -0.0504203 0.0994966 -0.170507 0.00936286 0.0784567 0.0224211 0.0516189 -0.00605332
-0.056661 -0.0780984 0.0343852 0.0159717 0.0527514 -0.0010849 0.0596757 -0.0837774 0.105459 -0.0486213
-0.091312 0.0854112 0.0345575 -0.119685 0.284824 -0.0632516 0.0202923 -0.280354 0.0767715 0.0527489
-0.0850241 0.115546 0.0564188 0.121085 -0.01854 -0.175632 -0.127737 -0.0500878 0.183523 -0.019553
0.0169357 -0.19102 0.163275 0.0732961 -0.0724829 0.138331 -0.186976 0.0372175 -0.0636324 0.0850501
-0.0679693 0.189861 0.179538 0.108544 -0.0345787 -0.147662 0.0142638 0.0966846 -0.0749145 -0.263767
0.098534 -0.00787783 -0.046342 -0.138337 0.00528758 -0.00527895 -0.0381539 -0.0637906 -0.095055 0.291015
-0.140045 0.103288 0.124409 -0.130435 0.17772 -0.122954 -0.0272936 0.100001 -0.0536515 -0.0310435
-0.132166 0.0269451 0.220151 0.0181386 -0.0903794 -0.0871715 0.0513575 0.0358722 0.026214 -0.0689575
-0.0558861 0.0562899 -0.0913983 0.251378 0.0854438 -0.221375 -0.087978 -0.147863 0.0141311 0.197252
0.0793625 -0.0805311 -0.326687 -0.00327299 0.0487827 0.00959702 0.0845555 -0.134945 0.134431 0.188707
-0.00622123 0.158714 -0.0384369 -0.0942148 0.135745 -0.0350633 0.100063 -0.141341 0.0361415 -0.115394
-0.0162803 -0.0269644 -0.117644 -0.108832 0.133518 0.00273822 0.0421365 0.00172243 0.141204 -0.0515996
0.0241005 -0.184688 0.0759391 0.026428 -0.113339 0.037088 0.167343 -0.233414 0.235469 -0.034927
0.0645495 -0.0326224 0.0697094 0.00503541 0.0720781 0.173248 -0.147557 -0.0335237 0.0819848 -0.252906
0.0128729 -0.0370903 0.18445 -0.0608354 0.0566725 -0.121502 0.0947415 0.131214 -0.0151775 -0.245343
0.0842259 -0.0752516 0.10103 0.00629726 0.0489992 -0.00430182 -0.159228 -0.1237 0.218244 -0.0963162
0.00151034 -0.0874879 0.145902 -0.221622 0.290377 -0.0394356 -0.0339703 0.101439 -0.106396 -0.0503085
0.0270458 0.00856324 -0.143181 0.0929874 0.10103 -0.0641721 -0.00343209 -0.116154 0.093765 0.00354856
0.0561306 0.0536314 -0.0235365 -0.0577876 0.181269 -0.163511 -0.0488017 0.0211962 0.0186618 -0.0372536
-0.0169008 0.0182754 -0.0431296 0.13091 -0.101259 -0.0576446 0.0945621 0.116824 0.119559 -0.261204
0.0584532 0.158692 -0.124291 0.0023461 -0.101011 -0.0707549 0.13094 -0.139399 0.245241 -0.160221
-0.0163207 0.117045 0.120228 -0.238569 0.010697 0.113048 0.141703 -0.127946 -0.0160073 -0.103877
-0.0604247 -0.0479237 -0.0702553 0.0056807 -0.0356915 0.184587 -0.00561701 -0.0111513 -0.0284697 0.0692708
0.0276011 -0.0319595 0.0167923 0.0993075 0.116353 0.047004 -0.18682 0.0163969 -0.181139 0.0764636
-0.0164611 0.167027 0.160255 -0.0724987 0.115628 -0.0853348 -0.19948 -0.107616 -0.172954 0.211436
0.0770896 -0.19226 -0.037846 0.0280895 0.0199039 0.00781781 0.00509728 0.0284291 -0.0859538 0.14963
-0.187592 -0.0627941 0.158873 -0.0496242 0.19778 -0.0210603 -0.105982 0.140562 -0.0705189 0.00035145
0.0761808 0.0810494 0.175488 -0.117255 -0.0445812 0.038757 -0.0288227 0.0231669 -0.0778029 -0.126187
-0.00237982 0.0316132 -0.023601 0.0154744 -0.0123135 -0.114456 0.0101036 0.12203 -0.125588 0.09912
0.0087043 -0.0116529 0.0818586 0.125501 -0.128016 -0.2597 -0.0207092 0.0391292 -0.0509055 0.215792
0.182359 0.103536 0.0904716 -0.0168398 -0.120741 -0.227651 -0.109245 -0.052905 0.141773 0.00924157
-0.1449 -0.00018068 -0.159304 -0.111745 0.0514802 0.249407 -0.105586 0.412481 -0.165807 -0.0258381
-0.123704 -0.0408279 -0.22582 -0.00996059 0.141933 0.0876481 0.11231 -0.122864 -0.175238 0.356527
0.0476344 0.113674 -0.0478248 -0.109101 0.239938 -0.0470648 0.196211 -0.109563 0.0565338 -0.340435
-0.0921424 -0.0557595 -0.0270757 0.0449519 -0.068849 0.1723 0.201098 0.00653293 -0.100234 -0.0808182
0.0488656 0.00617951 0.149719 -0.00272103 -0.251064 0.123717 0.0516131 -0.0763527 -0.0924928 0.0425396
0.0487642 -0.0913578 0.131811 -0.0687075 -0.0617265 0.0407408 0.0399767 -0.136317 -0.00428021 0.101105
-0.0260483 -0.0222221 -0.212504 -0.0678109 0.220717 -0.00795341 0.128634 -0.0228673 0.0789725 -0.0689143
-0.141213 -0.0582234 -0.110498 0.182084 0.00417656 0.0925127 0.184263 -0.0880509 -0.0257694 -0.0392782
-0.0678488 0.113228 -0.0666104 0.0325577 -0.0773147 0.00175046 -0.150486 0.0790576 0.225277 -0.0896181
-0.0572643 0.0479294 0.0608114 -0.0415308 -0.0219453 0.0155778 0.0337484 0.0912175 -0.0320365 -0.0965063
-0.107616 -0.190854 -0.182073 -0.0353453 -0.0834627 0.28103 0.0538728 -0.00677064 0.164678 0.106548
0.0482935 0.111097 -0.102072 -0.0309834 0.145904 -0.0860322 -0.0995254 -0.0885029 0.00867549 0.0931496
-0.133899 0.0137693 -0.156593 -0.0278089 0.230443 -0.0408803 -0.0299806 0.0389519 0.00211797 0.103882
0.174228 0.0540047 0.132859 0.153129 -0.0516077 -0.168088 -0.120027 0.0771755 -0.154541 -0.0971328
-0.0894087 -0.134184 0.026131 0.00406566 0.108323 -0.0691024 0.1351 0.00128176 0.0835307 -0.0657347
0.0398133 0.0225965 0.093533 -0.299447 -0.227618 -0.0330554 0.129889 0.0343574 0.0297743 0.210155
-0.0853182 -0.0787691 0.268096 -0.0469167 -0.0363065 -0.153177 -0.0735502 -0.0747795 0.162861 0.11786
0.0988592 0.0520925 -0.074767 -0.185422 0.00409361 -0.0257845 0.017632 0.0541815 0.0137605 0.0453515
-0.0894898 -0.0451477 0.111488 0.117094 -0.12078 -0.155854 0.0186899 -0.104185 0.130775 0.137406
0.0631829 0.140208 -0.115516 -0.178241 -0.0791583 -0.0849434 0.168549 -0.0101509 0.106684 -0.010614
0.0703187 0.068383 -0.142756 -0.0446355 -0.0803546 0.0281046 0.143803 -0.00409121 -0.112227 0.0734539
0.0406229 -0.0801511 -0.0873352 0.0614399 -0.129781 0.301668 -0.0176257 0.0245732 -0.016373 -0.0970455
-0.0396231 -0.0520195 0.0129627 0.173286 0.0593106 -0.10627 -0.0955222 0.0125862 0.0254383 0.00984653
0.0423233 0.0767523 -0.0232797 0.0367825 0.118754 0.0243644 0.0822969 -0.0872682 -0.00990465 -0.26082
0.0372202 -0.132245 0.0753556 0.126606 -0.112847 -0.00274372 0.0312537 -0.0824225 0.0900835 -0.0302587
0.0811018 -0.0257893 0.0140233 -0.0152447 0.129155 -0.0719407 0.00450373 0.139584 -0.125008 -0.130379
-0.0775728 0.195709 -0.209923 -0.174603 0.110523 -0.000445083 -0.0809858 0.272002 -0.113509 0.078806
0.193295 -0.0197596 0.00546912 0.172657 -0.0486924 -0.0189472 -0.185906 0.03878 -0.127752 -0.0091474
-0.0134947 0.031308 -0.123877 -0.0547663 0.222673 0.0701227 0.173605 -0.144486 -0.0398675 -0.121209
-0.145526 0.0367671 -0.213064 0.108326 0.189622 0.128459 -0.0277131 0.0906375 -0.222539 0.0550306
-0.0488834 0.172888 0.0598147 -0.0429434 -0.0951954 -0.0511565 -0.0265855 0.186909 -0.187191 0.0323492
-0.0831814 -0.0776538 -0.135663 0.102096 0.0443689 0.210743 -0.0319727 -0.109233 0.0107242 0.0697729
0.0927924 -0.1299 -0.0396129 -0.030865 -0.195544 0.171258 -0.0175521 -0.135018 0.0693895 0.215051
0.0545387 -0.0673388 0.0362911 0.0789393 0.0565679 0.0195031 -0.0528553 -0.0829954 0.0643589 -0.107017
-0.0578598 0.115352 0.142807 -0.0268662 -0.10427 0.051461 0.119694 -0.0328612 -0.151502 -0.0559541
-0.0419177 0.0044394 -0.263743 -0.0109725 0.108984 0.202983 0.140379 -0.127623 0.0661739 -0.0787047
0.121958 0.0639808 0.0846665 0.08252 0.0159921 -0.181844 -0.110195 -0.108027 -0.128827 0.159776
-0.0079987 0.135092 -0.10994 -0.207764 0.203971 -0.0558541 -0.0187189 0.123271 0.112982 -0.175041
-0.146258 0.0869829 0.171798 -0.0433892 -0.0139949 -0.117711 -0.237741 0.0175131 0.154122 0.128674
0.0200988 -0.0519704 0.113647 -0.106495 0.0468149 0.00185107 0.0368116 0.0388035 -0.124761 0.025195
-0.0655745 0.0103217 0.0487946 -0.00305463 -0.112387 0.148038 0.0137148 -0.0659711 -0.018449 0.0445631
0.0526102 -0.0369785 0.0705032 -0.189764 0.116923 0.0755785 -0.0188628 0.032933 -0.0128873 -0.0900509
-0.00102664 0.025882 -0.0765536 -0.124047 0.128288 0.0581806 0.10056 0.112827 -0.157423 -0.0666866
-0.052126 0.154989 0.197874 -0.266851 0.100485 -0.178554 -0.0371806 0.123596 -0.0937732 0.0515402
0.0515016 0.0167836 -0.0522098 -0.0690128 0.0545184 0.118634 -0.138744 0.0635425 -0.188456 0.143445
0.241872 0.00762879 0.0417571 0.15512 -0.0383501 -0.202503 -0.00402502 -0.0593197 -0.223201 0.0810181
-0.0862999 0.138068 0.0575637 -0.0468973 0.109491 -0.195776 -0.0729118 0.0636241 -0.0475029 0.0806392
0.196571 -0.119704 0.051916 -0.133899 0.0480952 0.0648715 0.236728 -0.263404 -0.116005 0.0348313
-0.0820542 -0.0264314 -0.0316567 -0.131302 -0.183319 0.197231 0.107008 -0.0554304 0.199449 0.00650591
0.111044 0.0128404 0.122727 -0.0446623 -0.0581387 -0.0505655 0.0614034 -0.0947103 -0.10383 0.0438898
-0.0944458 0.0523399 -0.00797026 -0.185617 0.00384828 0.0913724 0.115616 -0.141576 0.0307158 0.13572
0.00429171 0.146612 -0.0374504 0.11602 -0.065971 -0.0620598 0.068737 -0.0846292 -0.0252965 -0.0602492
0.109753 0.0929949 -0.123615 -0.10619 -0.0138515 0.0614578 0.266122 -0.136514 -0.189407 0.0392512
-0.200779 -0.0135149 -0.0116904 0.0122771 0.00374095 0.0856732 0.0912395 -0.0722293 0.000910342 0.104373
-0.221987 0.0913718 -0.0765628 0.15038 -0.00227689 0.111871 -0.171575 -0.00271655 -0.0804612 0.201957
0.0965665 -0.159056 -0.125406 0.133355 -0.176805 0.0576331 0.0401946 -0.0786287 0.0615141 0.150637
0.0112137 -0.0671542 -0.0308085 0.0467255 0.103445 -0.12356 -0.00104691 -0.217681 0.1647 0.114167
-0.179739 -0.03454 -0.0764255 0.0189806 0.172721 0.158603 0.0426244 0.301121 -0.133082 -0.270258
-0.028367 0.00931747 0.093084 -0.0459603 -0.0867474 -0.17159 0.0454613 0.00252956 0.212817 -0.030553
0.117947 0.159199 -0.0233669 -0.23646 -0.0661444 -0.155276 0.13757 0.0598351 -0.060612 0.0673066
0.018361 -0.11515 -0.0822259 0.237543 -0.204226 0.227045 -0.0699665 0.112406 -0.120212 -0.00357038
-0.0466267 0.164988 -0.0433408 -0.0222778 -0.144624 -0.0122785 0.0642686 0.0489326 0.159815 -0.168862
-0.0944467 0.0372231 -0.119723 0.0310004 0.1068 -0.030955 0.0981802 -0.0241579 0.066282 -0.070196
0.00137597 -0.0656695 0.0431123 -0.0318183 -0.0890831 0.0775728 -0.0688913 -0.173612 0.0550979 0.251905
-0.0230325 0.174349 -0.110389 0.0693922 -0.0831279 0.0213628 -0.0839872 -0.0183886 -0.123237 0.177066
0.101288 -0.00883905 -0.00639337 -0.134579 -0.0438406 -0.0668398 -0.109995 -0.021698 0.0641403 0.226757
-0.138881 0.021874 -0.0719802 0.156915 -0.127057 0.136142 -0.129985 0.087725 0.079158 -0.0139137
0.0478087 -0.0502647 0.0956811 0.261189 -0.173435 0.0505367 -0.0614489 0.0990101 -0.199667 -0.0694118
0.171658 0.11752 -0.107413 -0.096384 -0.135745 0.112602 -0.0303478 -0.115449 0.122594 -0.0390327
0.200844 -0.110854 -0.130425 0.0791899 -0.10215 0.0379088 -0.149698 0.00291244 0.11338 0.0588925
0.189545 -0.0879746 0.0822966 -0.102386 -0.0148963 -0.0702814 0.0500412 -0.138862 0.185034 -0.0925129
0.0783731 -0.0580245 -0.0592455 0.110477 -0.0363099 -0.0364243 -0.112134 -0.0639813 -0.044577 0.221852
-0.176878 0.0120755 -0.078789 0.066488 0.0362102 -0.0230505 -0.0328191 0.0257309 0.069023 0.102006
0.027599 -0.00882995 -0.0793336 0.00147558 -0.185933 0.233448 -0.100576 0.12238 -0.127005 0.116776
-0.0367214 0.0234011 -0.117757 -0.0541624 0.0029234 0.11579 0.0493073 -0.0900802 -0.0623133 0.169619
0.104719 -0.0121262 -0.0728646 0.0837974 -0.0167313 -0.111175 0.17224 -0.0166348 -0.158357 0.0271374
0.12278 -0.0662696 -0.238189 -0.0761824 -0.0637988 0.110681 0.115486 0.0151415 -0.0774805 0.157838
0.15423 -0.16749 -0.0882692 0.0994323 0.103323 0.0637036 0.0407641 -0.017193 0.00894907 -0.197452
0.15841 0.229998 -0.115604 -0.124099 -0.122367 -0.0775089 -0.10223 0.179752 0.0867236 -0.113076
-0.0545342 -0.0168526 -0.108136 0.181127 -0.0723209 0.132631 0.0609437 0.0256771 -0.200742 0.0522021
0.00367319 -0.0260472 -0.146603 0.13116 -0.209296 0.0698861 0.115759 -0.248627 0.177865 0.13223
-0.0343917 -0.153159 0.0501458 0.054068 -0.0254862 0.0316171 0.0848756 -0.0195689 0.175038 -0.163139
0.0437219 0.0785929 0.190047 0.0249245 -0.0536907 -0.0765343 0.0401719 0.0487361 -0.257406 -0.038564
0.052719 -0.0216533 0.274663 -0.120592 -0.123155 -0.0657856 0.0603863 0.122786 -0.00312855 -0.176239
0.0518433 -0.106859 -0.0691294 0.0398455 -0.213543 0.0800934 0.0736804 -0.174412 0.206959 0.111523
0.147044 0.0263711 -0.152874 -0.0774963 0.0341535 -0.17036 0.054846 0.311609 -0.135324 -0.0379608
0.0593393 0.109813 -0.0770994 -0.167639 0.193432 -0.0695174 -0.0949309 0.0754561 -0.157643 0.128794
-0.0202114 0.160132 0.0523299 -0.0403075 -0.103001 -0.180813 -0.112192 0.104249 0.232094 -0.0922807
0.0269658 0.136563 -0.0870163 -0.128961 0.0861581 0.0215647 0.0158882 0.11559 -0.207456 0.0207055
-0.0242165 0.0953247 0.0358997 -0.0280971 0.0102353 0.221482 -0.143441 0.0345008 -0.123523 -0.0781699
0.056379 0.0540314 0.12114 -0.0806059 -0.0756683 -0.0176757 0.102238 -0.238205 -0.0134696 0.0918297
-0.0417428 -0.136415 0.0962262 -0.0315177 -0.0368346 0.000783975 0.0810248 0.028641 0.0585016 -0.0186661
-0.0983707 0.0626278 -0.044886 -0.0766291 0.110596 -0.0767062 0.00365955 0.0935329 -0.0876464 0.113828
0.12449 0.0512084 -0.159347 -0.0222256 0.170465 -0.0531211 0.0411839 -0.0731535 -0.144842 0.0653444
-0.0179799 -0.0694684 -0.0839109 -0.0919292 -0.0839411 -0.0294942 0.165294 0.0260035 0.0890923 0.0963401
